Gene	p_val	avg_log2FC	pct.1	pct.2	p_val_adj
COL4A2	4.28479054676421e-213	1.42398544817041	0.676	0.091	7.83388255664901e-209
COL4A1	2.09808076475774e-207	0.921172081889393	0.517	0.047	3.83592106220658e-203
VCL	3.23687346323472e-143	0.919253738721878	0.624	0.113	5.91797575283203e-139
IGFBP3	1.46143875382835e-58	0.789838255967664	0.272	0.048	2.67194847362437e-54
ARID5B	4.26627653133643e-31	0.414397936797387	0.362	0.125	7.80003338224239e-27
MORF4L1	9.73906782838873e-29	0.483012779268119	0.676	0.377	1.78059377106431e-24
CTSH	3.17555429632606e-09	-0.277266241643362	0.024	0.148	5.80586591997294e-05
APOE	2.86718191338793e-08	0.969976819363723	0.29	0.177	0.000524206869224715
APOC1	0.212973487890161	-0.37087301742479	0.083	0.103	1
