Phenotype ALTID RSID CHR BP OtherAlleleA CodedAlleleB AvgMaxPostCall Info all_AA all_AB all_BB TotalN MAC MAF CAF HWE P BETA SE
Calcification 10:44511785 10:44511785 10 44511785 C A 1 1 52 513 936 1501 617.001 0.20553 0.79447 0.0817296 0.0395362 0.200771 0.0978327
Calcification 10:44515716 10:44515716 10 44515716 G A 1 1 304 762 435 1501 1370 0.456362 0.543638 0.405168 0.118604 0.12162 0.0779969
Calcification 10:63836088 10:63836088 10 63836088 C T 1 1 536 705 260 1501 1225 0.408061 0.408061 0.28542 0.616817 -0.0385161 0.0769849
Calcification 10:75917431 10:75917431 10 75917431 A G 1 1 128 592 781 1501 847.999 0.282478 0.717522 0.308168 0.00496093 0.236645 0.0845609
Calcification 12:4486618 12:4486618 12 4486618 A G 1 1 28 387 1086 1501 442.999 0.147568 0.852432 0.411071 0.63417 -0.0519561 0.109128
Calcification 13:111049623 13:111049623 13 111049623 T C 1 1 778 599 124 1501 846.999 0.282145 0.282145 0.56651 0.76949 0.0247112 0.0843126
Calcification 15:79071095 15:79071095 15 79071095 G A 1 1 551 727 223 1501 1173 0.39074 0.39074 0.515828 0.256604 -0.0898716 0.0792578
Calcification 15:79082431 15:79082431 15 79082431 A G 1 1 814 574 113 1501 800 0.266489 0.266489 0.39126 0.697524 -0.0332085 0.0854563
Calcification 15:79105350 15:79105350 15 79105350 C T 1 1 500 737 264 1501 1265 0.421386 0.421386 0.832313 0.713727 -0.02861 0.0779851
Calcification 15:79123946 15:79123946 15 79123946 G T 1 1 233 753 515 1501 1219 0.406063 0.593937 0.133979 0.0558109 0.152628 0.0799201
Calcification 15:79126155 15:79126155 15 79126155 T C 1 1 284 753 464 1501 1321 0.44004 0.55996 0.496434 0.141449 0.114763 0.0781016
Calcification 15:79141703 15:79141703 15 79141703 T A 1 1 476 742 283 1501 1308 0.43571 0.43571 0.874881 0.35081 -0.0723797 0.0775936
Calcification 15:79145923 15:79145923 15 79145923 A C 1 1 1089 382 30 1501 441.999 0.147235 0.147235 0.681001 0.909142 0.012352 0.10821
Calcification 19:45382675 19:45382675 19 45382675 G A 1 1 1405 95 1 1501 97 0.0323118 0.0323118 1 0.332966 -0.212844 0.220822
Calcification 19:45412079 19:45412079 19 45412079 C T 1 1 1329 162 10 1501 182 0.0606262 0.0606262 0.0632957 0.710153 0.0581616 0.156372
Calcification 6:12768218 6:12768218 06 12768218 C T 1 1 1060 406 35 1501 476 0.158561 0.158561 0.698526 0.0727565 0.189899 0.1059
Calcification 6:12801967 6:12801967 06 12801967 A C 1 1 550 721 230 1501 1181 0.393404 0.393404 0.828827 0.0703172 0.142122 0.0785971
Calcification 6:12883524 6:12883524 06 12883524 C A 1 1 720 637 144 1501 925 0.308128 0.308128 0.855975 0.321996 -0.0817894 0.0826271
Calcification 6:12887465 6:12887465 06 12887465 G A 1 1 1401 96 4 1501 104 0.0346436 0.0346436 0.0993508 0.059434 0.38532 0.205303
Calcification 6:12891103 6:12891103 06 12891103 G T 1 1 783 603 115 1501 833.001 0.277482 0.277482 1 0.138198 -0.126705 0.0855665
Calcification 6:12892486 6:12892486 06 12892486 A G 1 1 216 708 577 1501 1140 0.379747 0.620253 1 0.0884856 0.134281 0.0789265
Calcification 6:12903957 6:12903957 06 12903957 A G 1 1 610 690 201 1501 1092 0.363757 0.363757 0.780638 0.282985 0.0850893 0.0792694
Calcification 6:12919867 6:12919867 06 12919867 G A 1 1 222 713 566 1501 1157 0.38541 0.61459 0.956553 0.0337691 0.167072 0.0788539
Calcification 6:12921714 6:12921714 06 12921714 A T 1 1 631 691 179 1501 1049 0.349434 0.349434 0.649958 0.0129616 -0.200817 0.0810414
Calcification 6:12943066 6:12943066 06 12943066 A G 1 1 803 587 111 1501 809 0.269487 0.269487 0.79326 0.091276 -0.145072 0.0860548
Calcification 6:132095002 6:132095002 06 132095002 C T 1 1 934 497 70 1501 637 0.212192 0.212192 0.699747 0.263712 -0.104575 0.0936529
Calcification 7:45960645 7:45960645 07 45960645 G C 1 1 562 699 240 1501 1179 0.392738 0.392738 0.357938 0.387992 -0.0670193 0.0776627
Calcification 7:46006323 7:46006323 07 46006323 C T 1 1 477 726 298 1501 1322 0.440373 0.440373 0.463919 0.149233 -0.110527 0.0766997
Calcification 9:21961866 9:21961866 09 21961866 C A 1 1 756 628 117 1501 862 0.287142 0.287142 0.412914 0.535596 0.0530097 0.0855546
Calcification 9:21974218 9:21974218 09 21974218 A G 1 1 604 707 190 1501 1087 0.362092 0.362092 0.467882 0.95751 0.00428338 0.0803837
Calcification 9:21995882 9:21995882 09 21995882 C T 1 1 379 782 340 1501 1462 0.487009 0.487009 0.10923 0.598868 -0.0410843 0.078102
Calcification 9:22047945 9:22047945 09 22047945 T C 1 1 392 765 344 1501 1453 0.484011 0.484011 0.438787 0.614383 -0.0390342 0.0774716
Calcification 9:22055048 9:22055048 09 22055048 A G 1 1 379 776 346 1501 1468 0.489007 0.489007 0.196637 0.791573 -0.0205971 0.0779313
Calcification 9:22056359 9:22056359 09 22056359 A G 1 1 253 739 509 1501 1245 0.414724 0.585276 0.595347 0.366612 -0.0708226 0.0784421
Calcification 9:22067593 9:22067593 09 22067593 A G 1 1 473 777 251 1501 1279 0.426049 0.426049 0.0266022 0.735717 0.0269342 0.0797862
Calcification 9:22068652 9:22068652 09 22068652 G A 1 1 231 718 552 1501 1180 0.393071 0.606929 0.956866 0.721673 -0.0280029 0.0785957
Calcification 9:22071751 9:22071751 09 22071751 G A 1 1 242 727 532 1501 1211 0.403398 0.596602 0.830279 0.639341 -0.0367271 0.0783589
Calcification 9:22072638 9:22072638 09 22072638 G A 1 1 372 802 327 1501 1456 0.48501 0.48501 0.00837863 0.422344 -0.0637368 0.0794469
Calcification 9:22085598 9:22085598 09 22085598 T C 1 1 384 805 312 1501 1429 0.476016 0.476016 0.00440763 0.449529 -0.0602533 0.0796875
Calcification 9:22086826 9:22086826 09 22086826 G A 1 1 1005 452 44 1501 540 0.17988 0.17988 0.483835 0.619507 0.050096 0.100871
Calcification 9:22087473 9:22087473 09 22087473 T C 1 1 138 663 700 1501 938.999 0.312791 0.687209 0.307571 0.950091 -0.00525146 0.0838851
Calcification 9:22107238 9:22107238 09 22107238 A T 1 1 1122 358 21 1501 400.001 0.133245 0.133245 0.262632 0.661495 0.0501295 0.114457
Calcification 9:22124630 9:22124630 09 22124630 A G 1 1 378 797 326 1501 1449 0.482678 0.482678 0.0151857 0.921591 0.00779227 0.0791544
Calcification 9:22124744 9:22124744 09 22124744 C G 1 1 369 783 349 1501 1481 0.493338 0.493338 0.0985729 0.769947 -0.0228927 0.0782724
Calcification 9:22125913 9:22125913 09 22125913 C T 1 1 159 709 633 1501 1027 0.342105 0.657895 0.0586345 0.687488 -0.0333869 0.0829881
Collagen 10:44511785 10:44511785 10 44511785 C A 1 1 51 512 934 1497 614.001 0.205077 0.794923 0.0678606 0.405581 0.0949619 0.113687
Collagen 10:44515716 10:44515716 10 44515716 G A 1 1 302 760 435 1497 1364 0.455578 0.544422 0.376141 0.404391 0.0766713 0.091933
Collagen 10:63836088 10:63836088 10 63836088 C T 1 1 533 704 260 1497 1224 0.408818 0.408818 0.309583 0.685636 0.0367767 0.0909243
Collagen 10:75917431 10:75917431 10 75917431 A G 1 1 128 591 778 1497 847 0.282899 0.717101 0.307995 0.411598 0.0807325 0.0980233
Collagen 12:4486618 12:4486618 12 4486618 A G 1 1 28 387 1082 1497 443.001 0.147963 0.852037 0.357623 0.871611 -0.0208752 0.129344
Collagen 13:111049623 13:111049623 13 111049623 T C 1 1 776 596 125 1497 846 0.282565 0.282565 0.483463 0.764985 0.0297781 0.0997442
Collagen 15:79071095 15:79071095 15 79071095 G A 1 1 552 723 222 1497 1167 0.38978 0.38978 0.586949 0.908329 0.0107557 0.0934287
Collagen 15:79082431 15:79082431 15 79082431 A G 1 1 810 574 113 1497 800 0.267201 0.267201 0.428358 0.900861 -0.012546 0.100653
Collagen 15:79105350 15:79105350 15 79105350 C T 1 1 501 734 262 1497 1258 0.420174 0.420174 0.832062 0.440627 0.0710064 0.0922078
Collagen 15:79123946 15:79123946 15 79123946 G T 1 1 232 749 516 1497 1213 0.405144 0.594856 0.147954 0.494267 -0.0644649 0.094434
Collagen 15:79126155 15:79126155 15 79126155 T C 1 1 284 749 464 1497 1317 0.43988 0.56012 0.564393 0.853102 -0.0170133 0.0919007
Collagen 15:79141703 15:79141703 15 79141703 T A 1 1 476 738 283 1497 1304 0.435538 0.435538 0.958079 0.856212 0.0165739 0.0914876
Collagen 15:79145923 15:79145923 15 79145923 A C 1 1 1085 382 30 1497 442.001 0.147629 0.147629 0.681025 0.74413 0.042018 0.129103
Collagen 19:45382675 19:45382675 19 45382675 G A 1 1 1401 95 1 1497 96.9999 0.0323981 0.0323981 1 0.0344953 -0.500799 0.229692
Collagen 19:45412079 19:45412079 19 45412079 C T 1 1 1325 162 10 1497 182 0.0607882 0.0607882 0.0636673 0.0381747 -0.358532 0.168804
Collagen 6:12768218 6:12768218 06 12768218 C T 1 1 1059 403 35 1497 473.001 0.157983 0.157983 0.698259 0.258243 0.143374 0.128102
Collagen 6:12801967 6:12801967 06 12801967 A C 1 1 549 719 229 1497 1177 0.39312 0.39312 0.828531 0.589309 0.0502722 0.093234
Collagen 6:12883524 6:12883524 06 12883524 C A 1 1 718 634 145 1497 923.999 0.308617 0.308617 0.762256 0.886821 -0.0138706 0.0974056
Collagen 6:12887465 6:12887465 06 12887465 G A 1 1 1398 95 4 1497 103 0.0344021 0.0344021 0.0947217 0.53313 0.155221 0.253135
Collagen 6:12891103 6:12891103 06 12891103 G T 1 1 781 600 116 1497 832 0.277889 0.277889 0.94871 0.437567 0.078888 0.101996
Collagen 6:12892486 6:12892486 06 12892486 A G 1 1 218 705 574 1497 1141 0.381096 0.618904 0.956319 0.252744 -0.106866 0.0937315
Collagen 6:12903957 6:12903957 06 12903957 A G 1 1 609 688 200 1497 1088 0.363393 0.363393 0.823166 0.948158 -0.00607069 0.0933507
Collagen 6:12919867 6:12919867 06 12919867 G A 1 1 224 710 563 1497 1158 0.386774 0.613226 1 0.268553 -0.103076 0.0934321
Collagen 6:12921714 6:12921714 06 12921714 A T 1 1 628 688 181 1497 1050 0.350701 0.350701 0.776566 0.156093 0.135999 0.0963566
Collagen 6:12943066 6:12943066 06 12943066 A G 1 1 801 585 111 1497 807 0.269539 0.269539 0.792858 0.555206 0.0602326 0.102389
Collagen 6:132095002 6:132095002 06 132095002 C T 1 1 932 495 70 1497 635 0.212091 0.212091 0.6989 0.577 -0.0609717 0.108961
Collagen 7:45960645 7:45960645 07 45960645 G C 1 1 562 695 240 1497 1175 0.392452 0.392452 0.30354 0.0431779 0.186902 0.0930123
Collagen 7:46006323 7:46006323 07 46006323 C T 1 1 477 722 298 1497 1318 0.440214 0.440214 0.401938 0.05314 0.175439 0.0910884
Collagen 9:21961866 9:21961866 09 21961866 C A 1 1 753 627 117 1497 861 0.287575 0.287575 0.412586 0.201583 0.130055 0.102451
Collagen 9:21974218 9:21974218 09 21974218 A G 1 1 604 704 189 1497 1082 0.361389 0.361389 0.501597 0.502436 -0.0634877 0.0945329
Collagen 9:21995882 9:21995882 09 21995882 C T 1 1 379 780 338 1497 1456 0.486306 0.486306 0.10872 0.309876 0.0938231 0.092458
Collagen 9:22047945 9:22047945 09 22047945 T C 1 1 391 763 343 1497 1449 0.483968 0.483968 0.438172 0.588702 -0.0493083 0.0911918
Collagen 9:22055048 9:22055048 09 22055048 A G 1 1 378 774 345 1497 1464 0.488978 0.488978 0.196038 0.528324 -0.0579075 0.0918421
Collagen 9:22056359 9:22056359 09 22056359 A G 1 1 252 737 508 1497 1241 0.414496 0.585504 0.594743 0.975712 -0.00281608 0.0925007
Collagen 9:22067593 9:22067593 09 22067593 A G 1 1 472 775 250 1497 1275 0.425852 0.425852 0.026377 0.723564 0.0332543 0.0940625
Collagen 9:22068652 9:22068652 09 22068652 G A 1 1 230 715 552 1497 1175 0.392452 0.607548 1 0.800953 -0.0233665 0.0927302
Collagen 9:22071751 9:22071751 09 22071751 G A 1 1 241 724 532 1497 1206 0.402806 0.597194 0.871993 0.461732 -0.068135 0.0927177
Collagen 9:22072638 9:22072638 09 22072638 G A 1 1 371 799 327 1497 1453 0.485304 0.485304 0.00965255 0.514271 0.0609909 0.0935482
Collagen 9:22085598 9:22085598 09 22085598 T C 1 1 383 802 312 1497 1426 0.476286 0.476286 0.00512332 0.562015 0.0544696 0.0939717
Collagen 9:22086826 9:22086826 09 22086826 G A 1 1 1002 451 44 1497 539.001 0.180027 0.180027 0.483666 0.672819 -0.049934 0.117916
Collagen 9:22087473 9:22087473 09 22087473 T C 1 1 136 662 699 1497 933.999 0.311957 0.688043 0.253224 0.475194 0.0705588 0.0986053
Collagen 9:22107238 9:22107238 09 22107238 A T 1 1 1119 357 21 1497 399.001 0.133267 0.133267 0.262205 0.621205 -0.0660022 0.133024
Collagen 9:22124630 9:22124630 09 22124630 A G 1 1 377 794 326 1497 1446 0.482966 0.482966 0.0173536 0.381023 0.081705 0.0933268
Collagen 9:22124744 9:22124744 09 22124744 C G 1 1 368 779 350 1497 1479 0.493988 0.493988 0.121023 0.160177 0.129548 0.0923456
Collagen 9:22125913 9:22125913 09 22125913 C T 1 1 159 707 631 1497 1025 0.342351 0.657649 0.0661546 0.0556845 0.185382 0.0965891
Fat40 10:44511785 10:44511785 10 44511785 C A 1 1 52 515 936 1503 618.999 0.205921 0.794079 0.0696131 0.147653 -0.152909 0.105167
Fat40 10:44515716 10:44515716 10 44515716 G A 1 1 304 763 436 1503 1371 0.456088 0.543912 0.377311 0.661116 -0.0376527 0.0858796
Fat40 10:63836088 10:63836088 10 63836088 C T 1 1 536 707 260 1503 1227 0.408184 0.408184 0.310537 0.546325 0.0509861 0.0844701
Fat40 10:75917431 10:75917431 10 75917431 A G 1 1 128 593 782 1503 849 0.282435 0.717565 0.308608 0.116885 0.1471 0.094346
Fat40 12:4486618 12:4486618 12 4486618 A G 1 1 28 387 1088 1503 443 0.147372 0.852628 0.410946 0.546374 0.0731709 0.121718
Fat40 13:111049623 13:111049623 13 111049623 T C 1 1 777 601 125 1503 850.999 0.2831 0.2831 0.567509 0.816893 0.0215528 0.0930249
Fat40 15:79071095 15:79071095 15 79071095 G A 1 1 550 730 223 1503 1176 0.391218 0.391218 0.481408 0.620933 0.0430891 0.0870876
Fat40 15:79082431 15:79082431 15 79082431 A G 1 1 815 576 112 1503 799.999 0.266134 0.266134 0.467726 0.265773 -0.106255 0.0958769
Fat40 15:79105350 15:79105350 15 79105350 C T 1 1 499 740 264 1503 1268 0.421823 0.421823 0.75105 0.670835 0.036468 0.0857785
Fat40 15:79123946 15:79123946 15 79123946 G T 1 1 233 755 515 1503 1221 0.406188 0.593812 0.120923 0.856041 0.0159543 0.0879576
Fat40 15:79126155 15:79126155 15 79126155 T C 1 1 284 756 463 1503 1324 0.440452 0.559548 0.463727 0.506772 -0.0570778 0.085956
Fat40 15:79141703 15:79141703 15 79141703 T A 1 1 475 745 283 1503 1311 0.436128 0.436128 0.793197 0.368056 0.0769532 0.0854668
Fat40 15:79145923 15:79145923 15 79145923 A C 1 1 1091 383 29 1503 441.001 0.146707 0.146707 0.537502 0.351378 -0.113762 0.122793
Fat40 19:45382675 19:45382675 19 45382675 G A 1 1 1408 94 1 1503 95.9999 0.0319361 0.0319361 1 0.045546 0.465692 0.22862
Fat40 19:45412079 19:45412079 19 45412079 C T 1 1 1332 161 10 1503 181 0.0602129 0.0602129 0.0616403 0.0060536 0.44953 0.161286
Fat40 6:12768218 6:12768218 06 12768218 C T 1 1 1062 406 35 1503 476 0.15835 0.15835 0.698448 0.373501 0.102153 0.114365
Fat40 6:12801967 6:12801967 06 12801967 A C 1 1 551 722 230 1503 1182 0.393214 0.393214 0.828861 0.850822 -0.0163047 0.0867137
Fat40 6:12883524 6:12883524 06 12883524 C A 1 1 721 637 145 1503 926.999 0.308383 0.308383 0.808932 0.361113 -0.0831845 0.0913135
Fat40 6:12887465 6:12887465 06 12887465 G A 1 1 1403 96 4 1503 104 0.0345975 0.0345975 0.0989814 0.819476 -0.0524181 0.23056
Fat40 6:12891103 6:12891103 06 12891103 G T 1 1 784 603 116 1503 835.001 0.277778 0.277778 1 0.117169 -0.14833 0.0951969
Fat40 6:12892486 6:12892486 06 12892486 A G 1 1 217 710 576 1503 1144 0.380572 0.619428 0.956419 0.357403 0.0798861 0.0869408
Fat40 6:12903957 6:12903957 06 12903957 A G 1 1 611 691 201 1503 1093 0.363606 0.363606 0.82356 0.294281 -0.0920176 0.0879257
Fat40 6:12919867 6:12919867 06 12919867 G A 1 1 223 715 565 1503 1161 0.386228 0.613772 0.913441 0.50543 0.0576827 0.0867041
Fat40 6:12921714 6:12921714 06 12921714 A T 1 1 630 693 180 1503 1053 0.350299 0.350299 0.650353 0.455442 -0.066437 0.0891476
Fat40 6:12943066 6:12943066 06 12943066 A G 1 1 804 588 111 1503 810 0.269461 0.269461 0.79354 0.263088 -0.106528 0.0955576
Fat40 6:132095002 6:132095002 06 132095002 C T 1 1 935 498 70 1503 637.999 0.212242 0.212242 0.700321 0.876138 0.0159362 0.102176
Fat40 7:45960645 7:45960645 07 45960645 G C 1 1 565 699 239 1503 1177 0.39155 0.39155 0.357566 0.610056 -0.0436877 0.0857294
Fat40 7:46006323 7:46006323 07 46006323 C T 1 1 480 726 297 1503 1320 0.439122 0.439122 0.463519 0.466339 -0.0616188 0.084654
Fat40 9:21961866 9:21961866 09 21961866 C A 1 1 757 628 118 1503 864 0.287425 0.287425 0.488394 0.546588 -0.0570869 0.0948579
Fat40 9:21974218 9:21974218 09 21974218 A G 1 1 605 707 191 1503 1089 0.362275 0.362275 0.503259 0.63457 0.0419307 0.0881605
Fat40 9:21995882 9:21995882 09 21995882 C T 1 1 381 782 340 1503 1462 0.486361 0.486361 0.121357 0.268229 0.0952811 0.0860923
Fat40 9:22047945 9:22047945 09 22047945 T C 1 1 393 765 345 1503 1455 0.484032 0.484032 0.470208 0.418722 -0.0689113 0.08525
Fat40 9:22055048 9:22055048 09 22055048 A G 1 1 380 776 347 1503 1470 0.489022 0.489022 0.215453 0.370321 -0.0769068 0.0858819
Fat40 9:22056359 9:22056359 09 22056359 A G 1 1 254 739 510 1503 1247 0.414837 0.585163 0.632936 0.461189 -0.0633161 0.0858767
Fat40 9:22067593 9:22067593 09 22067593 A G 1 1 473 778 252 1503 1282 0.42648 0.42648 0.0267715 0.128498 -0.134083 0.0884087
Fat40 9:22068652 9:22068652 09 22068652 G A 1 1 232 717 554 1503 1181 0.392881 0.607119 1 0.298795 -0.0895012 0.0860622
Fat40 9:22071751 9:22071751 09 22071751 G A 1 1 243 726 534 1503 1212 0.403194 0.596806 0.914669 0.345998 -0.0808881 0.0857716
Fat40 9:22072638 9:22072638 09 22072638 G A 1 1 373 801 329 1503 1459 0.485363 0.485363 0.0113692 0.25535 -0.0993569 0.0874136
Fat40 9:22085598 9:22085598 09 22085598 T C 1 1 385 804 314 1503 1432 0.476381 0.476381 0.00611143 0.163543 -0.122342 0.0879131
Fat40 9:22086826 9:22086826 09 22086826 G A 1 1 1008 451 44 1503 539 0.179308 0.179308 0.484022 0.0828972 0.191115 0.10957
Fat40 9:22087473 9:22087473 09 22087473 T C 1 1 138 664 701 1503 940 0.312708 0.687292 0.307628 0.670655 0.0392247 0.0923317
Fat40 9:22107238 9:22107238 09 22107238 A T 1 1 1124 358 21 1503 399.999 0.133067 0.133067 0.262482 0.829714 -0.0274051 0.127584
Fat40 9:22124630 9:22124630 09 22124630 A G 1 1 379 796 328 1503 1452 0.483034 0.483034 0.0201959 0.53731 -0.0535425 0.0868161
Fat40 9:22124744 9:22124744 09 22124744 C G 1 1 370 782 351 1503 1484 0.493679 0.493679 0.121754 0.459344 -0.0635328 0.0858867
Fat40 9:22125913 9:22125913 09 22125913 C T 1 1 160 709 634 1503 1029 0.342315 0.657685 0.0670659 0.809335 -0.0219087 0.0907648
IPH 10:44511785 10:44511785 10 44511785 C A 1 1 52 513 935 1500 617.001 0.205667 0.794333 0.0817296 0.362219 0.0898031 0.0984627
IPH 10:44515716 10:44515716 10 44515716 G A 1 1 303 760 437 1500 1366 0.455333 0.544667 0.43488 0.941449 0.00580665 0.0790567
IPH 10:63836088 10:63836088 10 63836088 C T 1 1 535 705 260 1500 1225 0.408333 0.408333 0.285716 0.736403 0.0263601 0.0783222
IPH 10:75917431 10:75917431 10 75917431 A G 1 1 127 592 781 1500 846 0.282 0.718 0.338746 0.917975 0.00879245 0.085366
IPH 12:4486618 12:4486618 12 4486618 A G 1 1 28 387 1085 1500 443.001 0.147667 0.852333 0.411148 0.572892 0.0627088 0.111131
IPH 13:111049623 13:111049623 13 111049623 T C 1 1 774 601 125 1500 851.001 0.283667 0.283667 0.611178 0.751531 -0.0271714 0.085792
IPH 15:79071095 15:79071095 15 79071095 G A 1 1 550 729 221 1500 1171 0.390333 0.390333 0.447506 0.907713 0.00937142 0.0808464
IPH 15:79082431 15:79082431 15 79082431 A G 1 1 813 575 112 1500 798.999 0.266333 0.266333 0.467394 0.783678 -0.0239327 0.0871532
IPH 15:79105350 15:79105350 15 79105350 C T 1 1 499 739 262 1500 1263 0.421 0.421 0.710916 0.992971 0.000699683 0.0794178
IPH 15:79123946 15:79123946 15 79123946 G T 1 1 231 755 514 1500 1217 0.405667 0.594333 0.096968 0.54653 -0.0491741 0.0815847
IPH 15:79126155 15:79126155 15 79126155 T C 1 1 282 755 463 1500 1319 0.439667 0.560333 0.431845 0.413354 -0.0651612 0.0796942
IPH 15:79141703 15:79141703 15 79141703 T A 1 1 475 744 281 1500 1306 0.435333 0.435333 0.752819 0.280904 0.0854847 0.0793355
IPH 15:79145923 15:79145923 15 79145923 A C 1 1 1089 381 30 1500 441 0.147 0.147 0.681018 0.943438 -0.00784729 0.110593
IPH 19:45382675 19:45382675 19 45382675 G A 1 1 1404 95 1 1500 96.9999 0.0323333 0.0323333 1 0.203599 -0.279599 0.219476
IPH 19:45412079 19:45412079 19 45412079 C T 1 1 1328 162 10 1500 182 0.0606667 0.0606667 0.0633874 0.556885 -0.0930117 0.157976
IPH 6:12768218 6:12768218 06 12768218 C T 1 1 1059 406 35 1500 476.001 0.158667 0.158667 0.698575 0.873405 -0.0171468 0.10758
IPH 6:12801967 6:12801967 06 12801967 A C 1 1 551 719 230 1500 1179 0.393 0.393 0.871175 0.942974 0.00573213 0.0801364
IPH 6:12883524 6:12883524 06 12883524 C A 1 1 719 636 145 1500 926.001 0.308667 0.308667 0.808825 0.0557667 0.162165 0.0850797
IPH 6:12887465 6:12887465 06 12887465 G A 1 1 1400 96 4 1500 104 0.0346667 0.0346667 0.0995361 0.816178 -0.0482063 0.207187
IPH 6:12891103 6:12891103 06 12891103 G T 1 1 781 603 116 1500 834.999 0.278333 0.278333 1 0.181613 0.116877 0.0877075
IPH 6:12892486 6:12892486 06 12892486 A G 1 1 218 708 574 1500 1144 0.381333 0.618667 1 0.0689461 -0.146796 0.0809011
IPH 6:12903957 6:12903957 06 12903957 A G 1 1 610 690 200 1500 1090 0.363333 0.363333 0.82347 0.886189 -0.0115808 0.0809056
IPH 6:12919867 6:12919867 06 12919867 G A 1 1 224 713 563 1500 1161 0.387 0.613 0.956657 0.0346881 -0.170019 0.0807347
IPH 6:12921714 6:12921714 06 12921714 A T 1 1 627 692 181 1500 1054 0.351333 0.351333 0.691665 0.0945024 0.137962 0.082694
IPH 6:12943066 6:12943066 06 12943066 A G 1 1 801 588 111 1500 810 0.27 0.27 0.844211 0.15882 0.124248 0.0884102
IPH 6:132095002 6:132095002 06 132095002 C T 1 1 932 497 71 1500 639 0.213 0.213 0.644248 0.902094 -0.0116049 0.0943165
IPH 7:45960645 7:45960645 07 45960645 G C 1 1 564 697 239 1500 1175 0.391667 0.391667 0.32994 0.773311 0.0227745 0.0790785
IPH 7:46006323 7:46006323 07 46006323 C T 1 1 480 723 297 1500 1317 0.439 0.439 0.402082 0.61634 -0.0389397 0.077717
IPH 9:21961866 9:21961866 09 21961866 C A 1 1 754 629 117 1500 863.001 0.287667 0.287667 0.412637 0.111107 0.138939 0.0874285
IPH 9:21974218 9:21974218 09 21974218 A G 1 1 605 705 190 1500 1085 0.361667 0.361667 0.502645 0.253471 0.0936846 0.0821388
IPH 9:21995882 9:21995882 09 21995882 C T 1 1 380 782 338 1500 1458 0.486 0.486 0.0982823 0.536078 -0.0492003 0.0795246
IPH 9:22047945 9:22047945 09 22047945 T C 1 1 391 765 344 1500 1453 0.484333 0.484333 0.438224 0.478815 0.0555945 0.0785212
IPH 9:22055048 9:22055048 09 22055048 A G 1 1 378 776 346 1500 1468 0.489333 0.489333 0.17958 0.405691 0.0657139 0.0790566
IPH 9:22056359 9:22056359 09 22056359 A G 1 1 253 737 510 1500 1243 0.414333 0.585667 0.670378 0.740004 0.0264079 0.0795735
IPH 9:22067593 9:22067593 09 22067593 A G 1 1 473 776 251 1500 1278 0.426 0.426 0.0266624 0.436896 0.0628889 0.0809278
IPH 9:22068652 9:22068652 09 22068652 G A 1 1 231 715 554 1500 1177 0.392333 0.607667 1 0.547225 0.04789 0.0795525
IPH 9:22071751 9:22071751 09 22071751 G A 1 1 242 724 534 1500 1208 0.402667 0.597333 0.914593 0.623705 0.0389492 0.0793825
IPH 9:22072638 9:22072638 09 22072638 G A 1 1 372 800 328 1500 1456 0.485333 0.485333 0.00976027 0.571561 0.0456459 0.0806949
IPH 9:22085598 9:22085598 09 22085598 T C 1 1 385 801 314 1500 1429 0.476333 0.476333 0.00711215 0.972513 -0.0027848 0.0808201
IPH 9:22086826 9:22086826 09 22086826 G A 1 1 1007 449 44 1500 537 0.179 0.179 0.538482 0.288311 -0.108274 0.101829
IPH 9:22087473 9:22087473 09 22087473 T C 1 1 138 664 698 1500 939.999 0.313333 0.686667 0.280474 0.866004 0.0144115 0.0853969
IPH 9:22107238 9:22107238 09 22107238 A T 1 1 1121 358 21 1500 399.999 0.133333 0.133333 0.262719 0.310977 -0.117427 0.115717
IPH 9:22124630 9:22124630 09 22124630 A G 1 1 379 793 328 1500 1449 0.483 0.483 0.0261814 0.171973 0.109743 0.080413
IPH 9:22124744 9:22124744 09 22124744 C G 1 1 370 780 350 1500 1480 0.493333 0.493333 0.134095 0.0614415 0.148747 0.0796426
IPH 9:22125913 9:22125913 09 22125913 C T 1 1 160 709 631 1500 1029 0.343 0.657 0.0666646 0.283969 0.0901456 0.0840992
SMC_rankNorm 10:44511785 10:44511785 10 44511785 C A 1 1 50 479 867 1396 578.999 0.207378 0.792622 0.121426 0.565783 -0.0251554 0.0437933
SMC_rankNorm 10:44515716 10:44515716 10 44515716 G A 1 1 285 710 401 1396 1280 0.458453 0.541547 0.388509 0.416614 -0.0286097 0.0352096
SMC_rankNorm 10:63836088 10:63836088 10 63836088 C T 1 1 496 657 243 1396 1143 0.409384 0.409384 0.31936 0.967867 -0.00140289 0.0348195
SMC_rankNorm 10:75917431 10:75917431 10 75917431 A G 1 1 122 556 718 1396 800 0.286533 0.713467 0.326794 0.51699 -0.0245367 0.037856
SMC_rankNorm 12:4486618 12:4486618 12 4486618 A G 1 1 28 360 1008 1396 416 0.148997 0.851003 0.5979 0.308121 -0.0499702 0.0490122
SMC_rankNorm 13:111049623 13:111049623 13 111049623 T C 1 1 727 553 116 1396 784.999 0.28116 0.28116 0.466381 0.753593 0.0119679 0.0381184
SMC_rankNorm 15:79071095 15:79071095 15 79071095 G A 1 1 521 672 203 1396 1078 0.386103 0.386103 0.611312 0.239415 0.0421467 0.0358099
SMC_rankNorm 15:79082431 15:79082431 15 79082431 A G 1 1 751 539 106 1396 751.001 0.268983 0.268983 0.496386 0.876458 0.00601178 0.0386634
SMC_rankNorm 15:79105350 15:79105350 15 79105350 C T 1 1 473 688 235 1396 1158 0.414756 0.414756 0.581915 0.686193 0.0143246 0.0354471
SMC_rankNorm 15:79123946 15:79123946 15 79123946 G T 1 1 209 699 488 1396 1117 0.400072 0.599928 0.118443 0.815989 -0.00841748 0.0361652
SMC_rankNorm 15:79126155 15:79126155 15 79126155 T C 1 1 253 703 440 1396 1209 0.433023 0.566977 0.354423 0.453077 0.0265797 0.0354158
SMC_rankNorm 15:79141703 15:79141703 15 79141703 T A 1 1 452 690 254 1396 1198 0.429083 0.429083 0.784735 0.537355 -0.0217097 0.0351875
SMC_rankNorm 15:79145923 15:79145923 15 79145923 A C 1 1 1000 367 29 1396 425.001 0.152221 0.152221 0.534855 0.264886 0.0542796 0.0486652
SMC_rankNorm 19:45382675 19:45382675 19 45382675 G A 1 1 1306 89 1 1396 90.9999 0.0325931 0.0325931 1 0.230832 -0.117401 0.0979369
SMC_rankNorm 19:45412079 19:45412079 19 45412079 C T 1 1 1235 153 8 1396 169 0.0605301 0.0605301 0.159517 0.872908 -0.0114043 0.0712791
SMC_rankNorm 6:12768218 6:12768218 06 12768218 C T 1 1 987 378 31 1396 440 0.157593 0.157593 0.544873 0.118222 0.0750123 0.0479849
SMC_rankNorm 6:12801967 6:12801967 06 12801967 A C 1 1 506 674 216 1396 1106 0.396132 0.396132 0.779675 0.329391 0.0347195 0.0355848
SMC_rankNorm 6:12883524 6:12883524 06 12883524 C A 1 1 670 588 138 1396 864.001 0.309456 0.309456 0.616301 0.392091 0.0318574 0.0372123
SMC_rankNorm 6:12887465 6:12887465 06 12887465 G A 1 1 1305 88 3 1396 93.9999 0.0336676 0.0336676 0.203873 0.873046 0.015098 0.094469
SMC_rankNorm 6:12891103 6:12891103 06 12891103 G T 1 1 729 556 111 1396 777.999 0.278653 0.278653 0.73925 0.694785 0.0151031 0.038484
SMC_rankNorm 6:12892486 6:12892486 06 12892486 A G 1 1 201 656 539 1396 1058 0.37894 0.62106 0.954677 0.480835 -0.02516 0.0356802
SMC_rankNorm 6:12903957 6:12903957 06 12903957 A G 1 1 562 650 184 1396 1018 0.364613 0.364613 0.908016 0.802937 -0.00900074 0.0360612
SMC_rankNorm 6:12919867 6:12919867 06 12919867 G A 1 1 207 660 529 1396 1074 0.38467 0.61533 0.95496 0.236777 -0.0420954 0.0355657
SMC_rankNorm 6:12921714 6:12921714 06 12921714 A T 1 1 592 637 167 1396 970.999 0.347779 0.347779 0.859588 0.444703 0.0278843 0.0364742
SMC_rankNorm 6:12943066 6:12943066 06 12943066 A G 1 1 750 539 107 1396 753 0.269699 0.269699 0.455203 0.674462 0.0162364 0.0386469
SMC_rankNorm 6:132095002 6:132095002 06 132095002 C T 1 1 875 457 64 1396 584.999 0.209527 0.209527 0.686067 0.885601 -0.00609185 0.0423341
SMC_rankNorm 7:45960645 7:45960645 07 45960645 G C 1 1 526 647 223 1396 1093 0.391476 0.391476 0.312124 0.0882792 0.0597259 0.0350145
SMC_rankNorm 7:46006323 7:46006323 07 46006323 C T 1 1 447 670 279 1396 1228 0.439828 0.439828 0.328662 0.180939 0.0461527 0.0344798
SMC_rankNorm 9:21961866 9:21961866 09 21961866 C A 1 1 699 589 108 1396 805.001 0.288324 0.288324 0.327813 0.507076 0.0257159 0.0387539
SMC_rankNorm 9:21974218 9:21974218 09 21974218 A G 1 1 564 655 177 1396 1009 0.36139 0.36139 0.562229 0.179746 -0.0487171 0.036296
SMC_rankNorm 9:21995882 9:21995882 09 21995882 C T 1 1 353 723 320 1396 1363 0.488181 0.488181 0.180945 0.0360167 -0.0738329 0.0351789
SMC_rankNorm 9:22047945 9:22047945 09 22047945 T C 1 1 360 715 321 1396 1357 0.486032 0.486032 0.362715 0.226414 0.0424052 0.0350403
SMC_rankNorm 9:22055048 9:22055048 09 22055048 A G 1 1 347 726 323 1396 1372 0.491404 0.491404 0.148162 0.0984406 0.0583605 0.0352936
SMC_rankNorm 9:22056359 9:22056359 09 22056359 A G 1 1 231 690 475 1396 1152 0.412607 0.587393 0.473406 0.215016 0.04406 0.0355191
SMC_rankNorm 9:22067593 9:22067593 09 22067593 A G 1 1 436 726 234 1396 1194 0.42765 0.42765 0.0216686 0.0381291 0.0748167 0.0360485
SMC_rankNorm 9:22068652 9:22068652 09 22068652 G A 1 1 210 668 518 1396 1088 0.389685 0.610315 0.865953 0.199599 0.0456603 0.0355802
SMC_rankNorm 9:22071751 9:22071751 09 22071751 G A 1 1 221 677 498 1396 1119 0.400788 0.599212 0.738339 0.22013 0.0435218 0.0354777
SMC_rankNorm 9:22072638 9:22072638 09 22072638 G A 1 1 340 749 307 1396 1363 0.488181 0.488181 0.00633048 0.01304 0.0891533 0.0358638
SMC_rankNorm 9:22085598 9:22085598 09 22085598 T C 1 1 351 750 295 1396 1340 0.479943 0.479943 0.00527784 0.019064 0.0843479 0.0359382
SMC_rankNorm 9:22086826 9:22086826 09 22086826 G A 1 1 940 415 41 1396 497.001 0.178009 0.178009 0.647186 0.475712 -0.0325919 0.0456847
SMC_rankNorm 9:22087473 9:22087473 09 22087473 T C 1 1 126 611 659 1396 862.999 0.309097 0.690903 0.380492 0.333531 0.0367388 0.0379782
SMC_rankNorm 9:22107238 9:22107238 09 22107238 A T 1 1 1049 326 21 1396 368 0.131805 0.131805 0.557964 0.0559615 -0.0989124 0.051707
SMC_rankNorm 9:22124630 9:22124630 09 22124630 A G 1 1 346 744 306 1396 1356 0.485673 0.485673 0.0137425 0.0535432 0.0690942 0.0357601
SMC_rankNorm 9:22124744 9:22124744 09 22124744 C G 1 1 336 731 329 1396 1389 0.497493 0.497493 0.0866508 0.0266056 0.0784798 0.0353573
SMC_rankNorm 9:22125913 9:22125913 09 22125913 C T 1 1 147 657 592 1396 951 0.340616 0.659384 0.0838969 0.229059 0.0450648 0.0374504
MAC_rankNorm 10:44511785 10:44511785 10 44511785 C A 1 1 49 479 873 1401 576.999 0.205924 0.794076 0.101957 0.023385 -0.100548 0.0443021
MAC_rankNorm 10:44515716 10:44515716 10 44515716 G A 1 1 287 710 404 1401 1284 0.458244 0.541756 0.451682 0.0566519 -0.0676277 0.0354522
MAC_rankNorm 10:63836088 10:63836088 10 63836088 C T 1 1 498 660 243 1401 1146 0.408994 0.408994 0.34753 0.764288 0.0105519 0.0351832
MAC_rankNorm 10:75917431 10:75917431 10 75917431 A G 1 1 122 559 720 1401 803 0.286581 0.713419 0.360802 0.223669 -0.0465677 0.0382527
MAC_rankNorm 12:4486618 12:4486618 12 4486618 A G 1 1 28 360 1013 1401 415.999 0.148465 0.851535 0.598111 0.691784 -0.0196523 0.0495623
MAC_rankNorm 13:111049623 13:111049623 13 111049623 T C 1 1 729 556 116 1401 788.001 0.281228 0.281228 0.508634 0.851512 0.00721252 0.0385234
MAC_rankNorm 15:79071095 15:79071095 15 79071095 G A 1 1 521 677 203 1401 1083 0.38651 0.38651 0.499274 0.198471 0.0465882 0.0362122
MAC_rankNorm 15:79082431 15:79082431 15 79082431 A G 1 1 751 543 107 1401 757 0.270164 0.270164 0.541923 0.272811 -0.0427784 0.0389941
MAC_rankNorm 15:79105350 15:79105350 15 79105350 C T 1 1 473 692 236 1401 1164 0.415418 0.415418 0.545381 0.0689338 0.0651303 0.0357807
MAC_rankNorm 15:79123946 15:79123946 15 79123946 G T 1 1 211 702 488 1401 1124 0.401142 0.598858 0.119429 0.141742 -0.0536197 0.0364718
MAC_rankNorm 15:79126155 15:79126155 15 79126155 T C 1 1 255 705 441 1401 1215 0.433619 0.566381 0.384189 0.571451 -0.0202307 0.0357401
MAC_rankNorm 15:79141703 15:79141703 15 79141703 T A 1 1 453 692 256 1401 1204 0.429693 0.429693 0.785428 0.580435 0.0196312 0.0355073
MAC_rankNorm 15:79145923 15:79145923 15 79145923 A C 1 1 1002 370 29 1401 428 0.152748 0.152748 0.535201 0.890936 -0.00673832 0.0491329
MAC_rankNorm 19:45382675 19:45382675 19 45382675 G A 1 1 1311 89 1 1401 91 0.0324768 0.0324768 1 0.920377 0.00990937 0.0991171
MAC_rankNorm 19:45412079 19:45412079 19 45412079 C T 1 1 1241 152 8 1401 168 0.0599572 0.0599572 0.153511 0.731872 -0.0247641 0.0722607
MAC_rankNorm 6:12768218 6:12768218 06 12768218 C T 1 1 992 378 31 1401 440.001 0.157031 0.157031 0.544755 0.804308 -0.0120326 0.0485532
MAC_rankNorm 6:12801967 6:12801967 06 12801967 A C 1 1 510 675 216 1401 1107 0.395075 0.395075 0.780144 0.519622 0.0231442 0.0359331
MAC_rankNorm 6:12883524 6:12883524 06 12883524 C A 1 1 671 592 138 1401 868.001 0.309779 0.309779 0.661984 0.941684 -0.002753 0.0376262
MAC_rankNorm 6:12887465 6:12887465 06 12887465 G A 1 1 1310 88 3 1401 94.0001 0.0335475 0.0335475 0.202415 0.355924 -0.0882147 0.0955255
MAC_rankNorm 6:12891103 6:12891103 06 12891103 G T 1 1 731 559 111 1401 780.999 0.278729 0.278729 0.790394 0.732142 -0.0133122 0.0388852
MAC_rankNorm 6:12892486 6:12892486 06 12892486 A G 1 1 201 660 540 1401 1062 0.379015 0.620985 1 0.877952 -0.00554147 0.0360787
MAC_rankNorm 6:12903957 6:12903957 06 12903957 A G 1 1 565 652 184 1401 1020 0.364026 0.364026 0.862777 0.819861 0.00829798 0.0364319
MAC_rankNorm 6:12919867 6:12919867 06 12919867 G A 1 1 207 664 530 1401 1078 0.384725 0.615275 1 0.484757 -0.0251373 0.035969
MAC_rankNorm 6:12921714 6:12921714 06 12921714 A T 1 1 593 641 167 1401 975.001 0.347966 0.347966 0.813787 0.806064 0.00905555 0.0368781
MAC_rankNorm 6:12943066 6:12943066 06 12943066 A G 1 1 751 543 107 1401 757 0.270164 0.270164 0.541923 0.771051 -0.0113682 0.0390583
MAC_rankNorm 6:132095002 6:132095002 06 132095002 C T 1 1 880 457 64 1401 584.999 0.208779 0.208779 0.627827 0.5493 0.0256257 0.042784
MAC_rankNorm 7:45960645 7:45960645 07 45960645 G C 1 1 530 647 224 1401 1095 0.390792 0.390792 0.261983 0.638885 0.0165894 0.0353445
MAC_rankNorm 7:46006323 7:46006323 07 46006323 C T 1 1 450 671 280 1401 1231 0.439329 0.439329 0.30295 0.896938 -0.00450956 0.0348085
MAC_rankNorm 9:21961866 9:21961866 09 21961866 C A 1 1 702 591 108 1401 807.001 0.288009 0.288009 0.297906 0.551048 0.0233514 0.0391581
MAC_rankNorm 9:21974218 9:21974218 09 21974218 A G 1 1 565 657 179 1401 1015 0.362241 0.362241 0.602958 0.609866 0.0186931 0.0366258
MAC_rankNorm 9:21995882 9:21995882 09 21995882 C T 1 1 353 728 320 1401 1368 0.488223 0.488223 0.148858 0.10553 -0.0576772 0.0356105
MAC_rankNorm 9:22047945 9:22047945 09 22047945 T C 1 1 361 719 321 1401 1361 0.485724 0.485724 0.335695 0.646478 0.0162577 0.0354384
MAC_rankNorm 9:22055048 9:22055048 09 22055048 A G 1 1 348 730 323 1401 1376 0.491078 0.491078 0.121178 0.716155 0.0129867 0.0357094
MAC_rankNorm 9:22056359 9:22056359 09 22056359 A G 1 1 231 694 476 1401 1156 0.412562 0.587438 0.440318 0.754439 -0.0112416 0.0359324
MAC_rankNorm 9:22067593 9:22067593 09 22067593 A G 1 1 438 729 234 1401 1197 0.427195 0.427195 0.0189803 0.903958 0.00440218 0.0364768
MAC_rankNorm 9:22068652 9:22068652 09 22068652 G A 1 1 210 672 519 1401 1092 0.389722 0.610278 0.778984 0.563616 -0.0207898 0.0359925
MAC_rankNorm 9:22071751 9:22071751 09 22071751 G A 1 1 221 681 499 1401 1123 0.400785 0.599215 0.696984 0.789776 -0.00957004 0.0358896
MAC_rankNorm 9:22072638 9:22072638 09 22072638 G A 1 1 341 752 308 1401 1368 0.488223 0.488223 0.00637901 0.824698 -0.00804321 0.0363046
MAC_rankNorm 9:22085598 9:22085598 09 22085598 T C 1 1 352 753 296 1401 1345 0.480014 0.480014 0.00455963 0.912089 -0.00401645 0.036373
MAC_rankNorm 9:22086826 9:22086826 09 22086826 G A 1 1 946 414 41 1401 495.999 0.177016 0.177016 0.64707 0.895599 -0.00606399 0.0462028
MAC_rankNorm 9:22087473 9:22087473 09 22087473 T C 1 1 128 613 660 1401 869.001 0.310136 0.689864 0.41746 0.501503 -0.0257394 0.0382855
MAC_rankNorm 9:22107238 9:22107238 09 22107238 A T 1 1 1051 329 21 1401 370.999 0.132405 0.132405 0.485026 0.731887 -0.0178991 0.0522317
MAC_rankNorm 9:22124630 9:22124630 09 22124630 A G 1 1 347 747 307 1401 1361 0.485724 0.485724 0.0138548 0.637434 -0.0170477 0.0361646
MAC_rankNorm 9:22124744 9:22124744 09 22124744 C G 1 1 337 734 330 1401 1394 0.497502 0.497502 0.0779809 0.576678 -0.0199757 0.0357746
MAC_rankNorm 9:22125913 9:22125913 09 22125913 C T 1 1 147 660 594 1401 954 0.340471 0.659529 0.0742481 0.639417 -0.0177414 0.0378591
Neutrophils_rankNorm 10:44511785 10:44511785 10 44511785 C A 1 1 11 81 146 238 103 0.216387 0.783613 1 0.835607 -0.0218106 0.104983
Neutrophils_rankNorm 10:44515716 10:44515716 10 44515716 G A 1 1 46 128 64 238 220 0.462185 0.537815 0.241343 0.523939 0.059167 0.0926998
Neutrophils_rankNorm 10:63836088 10:63836088 10 63836088 C T 1 1 77 119 42 238 203 0.426471 0.426471 0.791704 0.366646 0.0792644 0.087627
Neutrophils_rankNorm 10:75917431 10:75917431 10 75917431 A G 1 1 19 92 127 238 130 0.273109 0.726891 0.743693 0.507641 0.0643708 0.0970087
Neutrophils_rankNorm 12:4486618 12:4486618 12 4486618 A G 1 1 2 68 168 238 72.0002 0.151261 0.848739 0.125147 0.37436 -0.113249 0.127235
Neutrophils_rankNorm 13:111049623 13:111049623 13 111049623 T C 1 1 126 95 17 238 129 0.271008 0.271008 1 0.943532 0.00695535 0.0980886
Neutrophils_rankNorm 15:79071095 15:79071095 15 79071095 G A 1 1 90 117 31 238 179 0.37605 0.37605 0.493243 0.191928 -0.121083 0.0925172
Neutrophils_rankNorm 15:79082431 15:79082431 15 79082431 A G 1 1 119 105 14 238 133 0.279412 0.279412 0.196506 0.151019 -0.145319 0.100863
Neutrophils_rankNorm 15:79105350 15:79105350 15 79105350 C T 1 1 77 125 36 238 197 0.413866 0.413866 0.230748 0.17725 -0.125534 0.0927517
Neutrophils_rankNorm 15:79123946 15:79123946 15 79123946 G T 1 1 36 115 87 238 187 0.392857 0.607143 0.892498 0.0409647 0.182775 0.0889196
Neutrophils_rankNorm 15:79126155 15:79126155 15 79126155 T C 1 1 42 115 81 238 199 0.418067 0.581933 0.894739 0.321907 0.0870123 0.0876527
Neutrophils_rankNorm 15:79141703 15:79141703 15 79141703 T A 1 1 79 116 43 238 202 0.42437 0.42437 1 0.28115 -0.0947015 0.0876631
Neutrophils_rankNorm 15:79145923 15:79145923 15 79145923 A C 1 1 175 62 1 238 64.0001 0.134454 0.134454 0.0907308 0.263095 -0.154703 0.137898
Neutrophils_rankNorm 19:45382675 19:45382675 19 45382675 G A 1 1 223 15 0 238 15 0.0315126 0.0315126 1 0.280023 0.271638 0.250859
Neutrophils_rankNorm 19:45412079 19:45412079 19 45412079 C T 1 1 214 23 1 238 25 0.052521 0.052521 0.485612 0.355108 0.177183 0.191218
Neutrophils_rankNorm 6:12768218 6:12768218 06 12768218 C T 1 1 166 65 7 238 78.9998 0.165966 0.165966 0.815241 0.283211 0.125259 0.116448
Neutrophils_rankNorm 6:12801967 6:12801967 06 12801967 A C 1 1 85 113 40 238 193 0.405462 0.405462 0.789628 0.123261 0.13558 0.0876447
Neutrophils_rankNorm 6:12883524 6:12883524 06 12883524 C A 1 1 103 102 33 238 168 0.352941 0.352941 0.393864 0.278 -0.0958686 0.0881625
Neutrophils_rankNorm 6:12887465 6:12887465 06 12887465 G A 1 1 224 14 0 238 14 0.0294118 0.0294118 1 0.794373 -0.0677523 0.259647
Neutrophils_rankNorm 6:12891103 6:12891103 06 12891103 G T 1 1 114 100 24 238 148 0.310924 0.310924 0.763126 0.090167 -0.156848 0.092171
Neutrophils_rankNorm 6:12892486 6:12892486 06 12892486 A G 1 1 40 113 85 238 193 0.405462 0.594538 0.789628 0.0642731 0.162343 0.0873159
Neutrophils_rankNorm 6:12903957 6:12903957 06 12903957 A G 1 1 106 96 36 238 168 0.352941 0.352941 0.0877191 0.374088 0.0765916 0.0860018
Neutrophils_rankNorm 6:12919867 6:12919867 06 12919867 G A 1 1 42 109 87 238 193 0.405462 0.594538 0.423423 0.118232 0.135113 0.0861619
Neutrophils_rankNorm 6:12921714 6:12921714 06 12921714 A T 1 1 100 105 33 238 171 0.359244 0.359244 0.572966 0.0395236 -0.181806 0.0878064
Neutrophils_rankNorm 6:12943066 6:12943066 06 12943066 A G 1 1 120 94 24 238 142 0.298319 0.298319 0.438051 0.283497 -0.0990607 0.0921478
Neutrophils_rankNorm 6:132095002 6:132095002 06 132095002 C T 1 1 154 75 9 238 92.9999 0.195378 0.195378 1 0.421773 -0.0895563 0.111278
Neutrophils_rankNorm 7:45960645 7:45960645 07 45960645 G C 1 1 88 110 40 238 190 0.39916 0.39916 0.589561 0.223393 0.10526 0.0862177
Neutrophils_rankNorm 7:46006323 7:46006323 07 46006323 C T 1 1 71 117 50 238 217 0.455882 0.455882 0.896368 0.239805 0.101425 0.0860599
Neutrophils_rankNorm 9:21961866 9:21961866 09 21961866 C A 1 1 115 110 13 238 136 0.285714 0.285714 0.0557278 0.633823 -0.049264 0.103281
Neutrophils_rankNorm 9:21974218 9:21974218 09 21974218 A G 1 1 94 113 31 238 175 0.367647 0.367647 0.782118 0.524028 0.0576394 0.0903258
Neutrophils_rankNorm 9:21995882 9:21995882 09 21995882 C T 1 1 57 129 52 238 233 0.489496 0.489496 0.242698 0.194681 0.116855 0.0898426
Neutrophils_rankNorm 9:22047945 9:22047945 09 22047945 T C 1 1 60 135 43 238 221 0.464286 0.464286 0.0373045 0.546568 -0.0563153 0.0932668
Neutrophils_rankNorm 9:22055048 9:22055048 09 22055048 A G 1 1 58 135 45 238 225 0.472689 0.472689 0.038343 0.530177 -0.0586785 0.0933342
Neutrophils_rankNorm 9:22056359 9:22056359 09 22056359 A G 1 1 41 126 71 238 208 0.436975 0.563025 0.291944 0.471117 -0.0651293 0.0902243
Neutrophils_rankNorm 9:22067593 9:22067593 09 22067593 A G 1 1 68 139 31 238 201 0.422269 0.422269 0.00335851 0.349868 -0.0918038 0.0980013
Neutrophils_rankNorm 9:22068652 9:22068652 09 22068652 G A 1 1 34 122 82 238 190 0.39916 0.60084 0.344408 0.44161 -0.070059 0.0908893
Neutrophils_rankNorm 9:22071751 9:22071751 09 22071751 G A 1 1 34 127 77 238 195 0.409664 0.590336 0.140235 0.371075 -0.0826776 0.0922512
Neutrophils_rankNorm 9:22072638 9:22072638 09 22072638 G A 1 1 54 143 41 238 225 0.472689 0.472689 0.00185076 0.15633 -0.138756 0.0975649
Neutrophils_rankNorm 9:22085598 9:22085598 09 22085598 T C 1 1 56 141 41 238 223 0.468487 0.468487 0.00424085 0.141998 -0.142472 0.0966913
Neutrophils_rankNorm 9:22086826 9:22086826 09 22086826 G A 1 1 172 59 7 238 72.9998 0.153361 0.153361 0.456143 0.313942 0.118846 0.117763
Neutrophils_rankNorm 9:22087473 9:22087473 09 22087473 T C 1 1 23 112 103 238 158 0.331933 0.668067 0.38358 0.586756 0.0513302 0.0943028
Neutrophils_rankNorm 9:22107238 9:22107238 09 22107238 A T 1 1 182 51 5 238 60.9999 0.128151 0.128151 0.557514 0.306137 0.129948 0.126698
Neutrophils_rankNorm 9:22124630 9:22124630 09 22124630 A G 1 1 52 139 47 238 233 0.489496 0.489496 0.013493 0.380279 -0.0845008 0.0961242
Neutrophils_rankNorm 9:22124744 9:22124744 09 22124744 C G 1 1 55 134 49 238 232 0.487395 0.487395 0.0689046 0.975472 0.00288896 0.0938605
Neutrophils_rankNorm 9:22125913 9:22125913 09 22125913 C T 1 1 25 124 89 238 174 0.365546 0.634454 0.0695495 0.906954 0.0112556 0.0961926
MastCells_rankNorm 10:44511785 10:44511785 10 44511785 C A 1 1 6 74 125 205 86 0.209756 0.790244 0.290623 0.850653 0.02402 0.127404
MastCells_rankNorm 10:44515716 10:44515716 10 44515716 G A 1 1 44 98 63 205 186 0.453659 0.546341 0.672293 0.877188 0.0154133 0.0996095
MastCells_rankNorm 10:63836088 10:63836088 10 63836088 C T 1 1 65 112 28 205 168 0.409756 0.409756 0.0829297 0.891703 -0.0148449 0.108892
MastCells_rankNorm 10:75917431 10:75917431 10 75917431 A G 1 1 11 84 110 205 106 0.258537 0.741463 0.368185 0.452579 0.0888309 0.118028
MastCells_rankNorm 12:4486618 12:4486618 12 4486618 A G 1 1 4 58 143 205 66.0002 0.160976 0.839024 0.612839 0.261951 -0.154259 0.137115
MastCells_rankNorm 13:111049623 13:111049623 13 111049623 T C 1 1 111 72 22 205 116 0.282927 0.282927 0.0583955 0.684026 0.0417294 0.102383
MastCells_rankNorm 15:79071095 15:79071095 15 79071095 G A 1 1 61 107 37 205 181 0.441463 0.441463 0.478949 0.514315 0.0667403 0.102155
MastCells_rankNorm 15:79082431 15:79082431 15 79082431 A G 1 1 108 87 10 205 107 0.260976 0.260976 0.204154 0.667978 -0.0517137 0.120384
MastCells_rankNorm 15:79105350 15:79105350 15 79105350 C T 1 1 58 108 39 205 186 0.453659 0.453659 0.400942 0.503476 0.0690326 0.102992
MastCells_rankNorm 15:79123946 15:79123946 15 79123946 G T 1 1 40 110 55 205 190 0.463415 0.536585 0.325182 0.0946532 -0.171948 0.102382
MastCells_rankNorm 15:79126155 15:79126155 15 79126155 T C 1 1 44 106 55 205 194 0.473171 0.526829 0.674648 0.237386 -0.118939 0.100356
MastCells_rankNorm 15:79141703 15:79141703 15 79141703 T A 1 1 54 108 43 205 194 0.473171 0.473171 0.484102 0.222817 0.124192 0.101551
MastCells_rankNorm 15:79145923 15:79145923 15 79145923 A C 1 1 143 61 1 205 63.0002 0.153659 0.153659 0.0549985 0.911743 -0.0164208 0.147957
MastCells_rankNorm 19:45382675 19:45382675 19 45382675 G A 1 1 190 15 0 205 15 0.0365854 0.0365854 1 0.431755 -0.210858 0.267648
MastCells_rankNorm 19:45412079 19:45412079 19 45412079 C T 1 1 178 25 2 205 29 0.0707317 0.0707317 0.260062 0.808904 -0.0448696 0.185283
MastCells_rankNorm 6:12768218 6:12768218 06 12768218 C T 1 1 140 60 5 205 70.0001 0.170732 0.170732 0.806332 0.878829 0.0206132 0.135033
MastCells_rankNorm 6:12801967 6:12801967 06 12801967 A C 1 1 79 93 33 205 159 0.387805 0.387805 0.556458 0.785475 -0.026986 0.0990078
MastCells_rankNorm 6:12883524 6:12883524 06 12883524 C A 1 1 103 72 30 205 132 0.321951 0.321951 0.00626386 0.515242 0.0636271 0.0976055
MastCells_rankNorm 6:12887465 6:12887465 06 12887465 G A 1 1 193 12 0 205 12 0.0292683 0.0292683 1 0.799472 0.0755901 0.297159
MastCells_rankNorm 6:12891103 6:12891103 06 12891103 G T 1 1 111 69 25 205 119 0.290244 0.290244 0.0106141 0.513704 0.0659688 0.100828
MastCells_rankNorm 6:12892486 6:12892486 06 12892486 A G 1 1 38 85 82 205 161 0.392683 0.607317 0.0588535 0.539783 -0.0589905 0.0960415
MastCells_rankNorm 6:12903957 6:12903957 06 12903957 A G 1 1 92 88 25 205 138 0.336585 0.336585 0.638588 0.823522 0.0227518 0.101881
MastCells_rankNorm 6:12919867 6:12919867 06 12919867 G A 1 1 37 88 80 205 162 0.395122 0.604878 0.145595 0.81953 -0.0221711 0.0970473
MastCells_rankNorm 6:12921714 6:12921714 06 12921714 A T 1 1 91 82 32 205 146 0.356098 0.356098 0.0685679 0.586795 0.0532561 0.0978278
MastCells_rankNorm 6:12943066 6:12943066 06 12943066 A G 1 1 112 70 23 205 116 0.282927 0.282927 0.0253152 0.772306 0.0296222 0.10223
MastCells_rankNorm 6:132095002 6:132095002 06 132095002 C T 1 1 136 60 9 205 78 0.190244 0.190244 0.495432 0.937754 0.00961505 0.122965
MastCells_rankNorm 7:45960645 7:45960645 07 45960645 G C 1 1 76 96 33 205 162 0.395122 0.395122 0.771159 0.929273 0.00889842 0.100124
MastCells_rankNorm 7:46006323 7:46006323 07 46006323 C T 1 1 68 99 38 205 175 0.426829 0.426829 0.886608 0.802846 0.0251247 0.100497
MastCells_rankNorm 9:21961866 9:21961866 09 21961866 C A 1 1 96 99 10 205 119 0.290244 0.290244 0.0171375 0.959723 -0.00603435 0.119335
MastCells_rankNorm 9:21974218 9:21974218 09 21974218 A G 1 1 88 93 24 205 141 0.343902 0.343902 1 0.0698909 0.192647 0.1057
MastCells_rankNorm 9:21995882 9:21995882 09 21995882 C T 1 1 46 124 35 205 194 0.473171 0.473171 0.0031866 0.437814 0.088506 0.113837
MastCells_rankNorm 9:22047945 9:22047945 09 22047945 T C 1 1 50 114 41 205 196 0.478049 0.478049 0.124133 0.0860998 -0.184013 0.106673
MastCells_rankNorm 9:22055048 9:22055048 09 22055048 A G 1 1 46 118 41 205 200 0.487805 0.487805 0.0364136 0.122554 -0.168902 0.10891
MastCells_rankNorm 9:22056359 9:22056359 09 22056359 A G 1 1 33 102 70 205 168 0.409756 0.590244 0.772986 0.00608111 -0.287122 0.103523
MastCells_rankNorm 9:22067593 9:22067593 09 22067593 A G 1 1 62 110 33 205 176 0.429268 0.429268 0.20108 0.0337576 -0.223005 0.104307
MastCells_rankNorm 9:22068652 9:22068652 09 22068652 G A 1 1 27 100 78 205 154 0.37561 0.62439 0.655468 0.00244764 -0.325159 0.10593
MastCells_rankNorm 9:22071751 9:22071751 09 22071751 G A 1 1 28 105 72 205 161 0.392683 0.607317 0.379002 0.00374507 -0.311869 0.106294
MastCells_rankNorm 9:22072638 9:22072638 09 22072638 G A 1 1 49 109 47 205 203 0.495122 0.495122 0.403926 0.0420363 -0.209955 0.102589
MastCells_rankNorm 9:22085598 9:22085598 09 22085598 T C 1 1 47 113 45 205 203 0.495122 0.495122 0.163995 0.0957536 -0.176627 0.105521
MastCells_rankNorm 9:22086826 9:22086826 09 22086826 G A 1 1 150 48 7 205 62.0002 0.15122 0.15122 0.269987 0.921274 -0.0132619 0.134017
MastCells_rankNorm 9:22087473 9:22087473 09 22087473 T C 1 1 20 92 93 205 132 0.321951 0.678049 0.75091 0.140286 -0.166023 0.112123
MastCells_rankNorm 9:22107238 9:22107238 09 22107238 A T 1 1 168 35 2 205 39 0.095122 0.095122 0.699209 0.645382 -0.0787137 0.170783
MastCells_rankNorm 9:22124630 9:22124630 09 22124630 A G 1 1 49 109 47 205 203 0.495122 0.495122 0.403926 0.0972949 -0.173025 0.103852
MastCells_rankNorm 9:22124744 9:22124744 09 22124744 C G 1 1 44 108 53 205 196 0.478049 0.521951 0.484938 0.15014 -0.149375 0.103395
MastCells_rankNorm 9:22125913 9:22125913 09 22125913 C T 1 1 20 89 96 205 129 0.314634 0.685366 1 0.571652 -0.0614837 0.108518
VesselDensity_rankNorm 10:44511785 10:44511785 10 44511785 C A 1 1 48 457 797 1302 553.001 0.212366 0.787634 0.0819784 0.248325 0.0542128 0.0469396
VesselDensity_rankNorm 10:44515716 10:44515716 10 44515716 G A 1 1 266 668 368 1302 1200 0.460829 0.539171 0.264629 0.0707647 0.0689186 0.0381086
VesselDensity_rankNorm 10:63836088 10:63836088 10 63836088 C T 1 1 471 619 212 1302 1043 0.400538 0.400538 0.729204 0.774024 -0.0108941 0.0379353
VesselDensity_rankNorm 10:75917431 10:75917431 10 75917431 A G 1 1 115 512 675 1302 741.999 0.284946 0.715054 0.220673 0.297945 -0.042307 0.0406301
VesselDensity_rankNorm 12:4486618 12:4486618 12 4486618 A G 1 1 26 338 938 1302 390.001 0.14977 0.85023 0.585863 0.223109 -0.0642172 0.0526851
VesselDensity_rankNorm 13:111049623 13:111049623 13 111049623 T C 1 1 670 518 114 1302 745.999 0.286482 0.286482 0.342562 0.127782 -0.0619219 0.0406342
VesselDensity_rankNorm 15:79071095 15:79071095 15 79071095 G A 1 1 485 630 187 1302 1004 0.385561 0.385561 0.482683 0.316549 0.0387897 0.0387138
VesselDensity_rankNorm 15:79082431 15:79082431 15 79082431 A G 1 1 706 504 92 1302 688 0.264209 0.264209 0.886644 0.826372 -0.00925349 0.0421762
VesselDensity_rankNorm 15:79105350 15:79105350 15 79105350 C T 1 1 444 639 219 1302 1077 0.413594 0.413594 0.689491 0.561114 0.0221762 0.0381467
VesselDensity_rankNorm 15:79123946 15:79123946 15 79123946 G T 1 1 197 648 457 1302 1042 0.400154 0.599846 0.204009 0.979324 0.00100653 0.0388308
VesselDensity_rankNorm 15:79126155 15:79126155 15 79126155 T C 1 1 238 654 410 1302 1130 0.433948 0.566052 0.430175 0.803089 0.00949879 0.0380863
VesselDensity_rankNorm 15:79141703 15:79141703 15 79141703 T A 1 1 420 645 237 1302 1119 0.429724 0.429724 0.734439 0.479587 -0.0268293 0.0379389
VesselDensity_rankNorm 15:79145923 15:79145923 15 79145923 A C 1 1 937 339 26 1302 391.001 0.150154 0.150154 0.515771 0.712973 0.0194091 0.0527496
VesselDensity_rankNorm 19:45382675 19:45382675 19 45382675 G A 1 1 1218 83 1 1302 85 0.0326421 0.0326421 1 0.371957 0.0940773 0.105335
VesselDensity_rankNorm 19:45412079 19:45412079 19 45412079 C T 1 1 1155 139 8 1302 155 0.0595238 0.0595238 0.128293 0.0234741 0.174298 0.07684
VesselDensity_rankNorm 6:12768218 6:12768218 06 12768218 C T 1 1 915 357 30 1302 416.999 0.160138 0.160138 0.537169 0.0261914 -0.114175 0.0512933
VesselDensity_rankNorm 6:12801967 6:12801967 06 12801967 A C 1 1 470 630 202 1302 1034 0.397081 0.397081 0.728556 0.030119 -0.0830581 0.0382595
VesselDensity_rankNorm 6:12883524 6:12883524 06 12883524 C A 1 1 619 552 131 1302 814 0.312596 0.312596 0.651631 0.212338 0.0498055 0.0399153
VesselDensity_rankNorm 6:12887465 6:12887465 06 12887465 G A 1 1 1213 86 3 1302 92.0001 0.0353303 0.0353303 0.214832 0.362592 -0.0905218 0.0993916
VesselDensity_rankNorm 6:12891103 6:12891103 06 12891103 G T 1 1 674 523 105 1302 733 0.28149 0.28149 0.784432 0.0909874 0.0698171 0.0412759
VesselDensity_rankNorm 6:12892486 6:12892486 06 12892486 A G 1 1 187 616 499 1302 989.999 0.380184 0.619816 0.906498 0.0654915 -0.0708819 0.0384506
VesselDensity_rankNorm 6:12903957 6:12903957 06 12903957 A G 1 1 527 604 171 1302 945.999 0.363287 0.363287 0.952258 0.123521 -0.0597775 0.0387872
VesselDensity_rankNorm 6:12919867 6:12919867 06 12919867 G A 1 1 193 620 489 1302 1006 0.386329 0.613671 0.906994 0.0498357 -0.0752169 0.0383132
VesselDensity_rankNorm 6:12921714 6:12921714 06 12921714 A T 1 1 548 596 158 1302 911.999 0.35023 0.35023 0.855249 0.0505728 0.0765979 0.0391423
VesselDensity_rankNorm 6:12943066 6:12943066 06 12943066 A G 1 1 691 508 103 1302 714.001 0.274194 0.274194 0.486266 0.258863 0.0467025 0.041345
VesselDensity_rankNorm 6:132095002 6:132095002 06 132095002 C T 1 1 818 430 54 1302 537.999 0.206605 0.206605 0.865728 0.178536 0.0622625 0.0462572
VesselDensity_rankNorm 7:45960645 7:45960645 07 45960645 G C 1 1 488 605 209 1302 1023 0.392857 0.392857 0.352828 0.342382 0.0358187 0.0377111
VesselDensity_rankNorm 7:46006323 7:46006323 07 46006323 C T 1 1 421 627 254 1302 1135 0.435868 0.435868 0.463865 0.620285 0.0185014 0.0373339
VesselDensity_rankNorm 9:21961866 9:21961866 09 21961866 C A 1 1 652 552 98 1302 747.999 0.28725 0.28725 0.223089 0.146882 -0.0608679 0.0419343
VesselDensity_rankNorm 9:21974218 9:21974218 09 21974218 A G 1 1 529 612 161 1302 934 0.358679 0.358679 0.469728 0.850233 0.00741633 0.0392691
VesselDensity_rankNorm 9:21995882 9:21995882 09 21995882 C T 1 1 332 672 298 1302 1268 0.486943 0.486943 0.244482 0.709455 -0.0141199 0.0378885
VesselDensity_rankNorm 9:22047945 9:22047945 09 22047945 T C 1 1 342 659 301 1302 1261 0.484255 0.484255 0.65728 0.989814 -0.000479462 0.0375501
VesselDensity_rankNorm 9:22055048 9:22055048 09 22055048 A G 1 1 329 670 303 1302 1276 0.490015 0.490015 0.292725 0.756119 -0.0117558 0.037843
VesselDensity_rankNorm 9:22056359 9:22056359 09 22056359 A G 1 1 218 641 443 1302 1077 0.413594 0.586406 0.607456 0.536099 -0.0236331 0.0381864
VesselDensity_rankNorm 9:22067593 9:22067593 09 22067593 A G 1 1 412 673 217 1302 1107 0.425115 0.425115 0.0412732 0.606895 -0.0199724 0.0388088
VesselDensity_rankNorm 9:22068652 9:22068652 09 22068652 G A 1 1 199 621 482 1302 1019 0.391321 0.608679 1 0.601809 -0.0199479 0.0382194
VesselDensity_rankNorm 9:22071751 9:22071751 09 22071751 G A 1 1 210 630 462 1302 1050 0.403226 0.596774 0.863004 0.655484 -0.0170029 0.0381009
VesselDensity_rankNorm 9:22072638 9:22072638 09 22072638 G A 1 1 324 695 283 1302 1261 0.484255 0.484255 0.0146422 0.491949 -0.0265305 0.0385949
VesselDensity_rankNorm 9:22085598 9:22085598 09 22085598 T C 1 1 334 698 270 1302 1238 0.475422 0.475422 0.00766057 0.890436 -0.00534133 0.0387671
VesselDensity_rankNorm 9:22086826 9:22086826 09 22086826 G A 1 1 868 397 37 1302 471.001 0.180876 0.180876 0.349191 0.259576 0.0554959 0.0492034
VesselDensity_rankNorm 9:22087473 9:22087473 09 22087473 T C 1 1 118 571 613 1302 807 0.309908 0.690092 0.399524 0.698498 0.0158494 0.0409084
VesselDensity_rankNorm 9:22107238 9:22107238 09 22107238 A T 1 1 977 305 20 1302 344.999 0.132488 0.132488 0.548046 0.5212 -0.0356585 0.0555712
VesselDensity_rankNorm 9:22124630 9:22124630 09 22124630 A G 1 1 329 690 283 1302 1256 0.482335 0.482335 0.0304131 0.78913 0.0102862 0.0384538
VesselDensity_rankNorm 9:22124744 9:22124744 09 22124744 C G 1 1 318 679 305 1302 1289 0.495008 0.495008 0.134389 0.866362 0.00640529 0.0380555
VesselDensity_rankNorm 9:22125913 9:22125913 09 22125913 C T 1 1 138 604 560 1302 880.001 0.337942 0.662058 0.193885 0.961453 -0.00194304 0.0401953
