Phenotype ALTID RSID CHR BP OtherAlleleA CodedAlleleB AvgMaxPostCall Info all_AA all_AB all_BB TotalN MAC MAF CAF HWE P BETA SE
Plaque_Vulnerability_Index 10:44490854 10:44490854 10 44490854 A G 1 1 64 614 1137 1815 742.001 0.204408 0.795592 0.0967871 0.0298651 -0.116797 0.0537346
Plaque_Vulnerability_Index 10:44494546 10:44494546 10 44494546 G A 1 1 188 817 810 1815 1193 0.32865 0.67135 0.424885 0.313434 -0.0460699 0.0456896
Plaque_Vulnerability_Index 10:44495365 10:44495365 10 44495365 T C 1 1 59 611 1145 1815 728.998 0.200826 0.799174 0.0404814 0.0313219 -0.117096 0.0543457
Plaque_Vulnerability_Index 10:44496985 10:44496985 10 44496985 C T 1 1 359 915 541 1815 1633 0.449862 0.550138 0.448148 0.672538 -0.0182217 0.0431042
Plaque_Vulnerability_Index 10:44501266 10:44501266 10 44501266 C T 1 1 64 630 1121 1815 757.998 0.208815 0.791185 0.0330195 0.0258911 -0.119546 0.0536156
Plaque_Vulnerability_Index 10:44501946 10:44501946 10 44501946 G A 1 1 382 918 515 1815 1682 0.463361 0.536639 0.479285 0.53347 -0.0267565 0.0429591
Plaque_Vulnerability_Index 10:44504359 10:44504359 10 44504359 T C 1 1 68 636 1111 1815 771.999 0.212672 0.787328 0.0498339 0.0177406 -0.126034 0.053108
Plaque_Vulnerability_Index 10:44505025 10:44505025 10 44505025 G A 1 1 68 636 1111 1815 771.999 0.212672 0.787328 0.0498339 0.0177406 -0.126034 0.053108
Plaque_Vulnerability_Index 10:44505391 10:44505391 10 44505391 G T 1 1 382 919 514 1815 1683 0.463636 0.536364 0.450582 0.539329 -0.0263868 0.0429791
Plaque_Vulnerability_Index 10:44505466 10:44505466 10 44505466 G T 1 1 69 634 1112 1815 771.999 0.212672 0.787328 0.0686746 0.0162036 -0.127587 0.0530163
Plaque_Vulnerability_Index 10:44505534 10:44505534 10 44505534 G A 1 1 381 920 514 1815 1682 0.463361 0.536639 0.422677 0.549487 -0.0257443 0.0430045
Plaque_Vulnerability_Index 10:44508242 10:44508242 10 44508242 C T 1 1 68 637 1110 1815 773.001 0.212948 0.787052 0.0497263 0.0191087 -0.124551 0.0531019
Plaque_Vulnerability_Index 10:44509338 10:44509338 10 44509338 A G 1 1 68 638 1109 1815 773.999 0.213223 0.786777 0.0498217 0.0231849 -0.120662 0.053101
Plaque_Vulnerability_Index 10:44509620 10:44509620 10 44509620 G C 1 1 68 638 1109 1815 773.999 0.213223 0.786777 0.0498217 0.0231849 -0.120662 0.053101
Plaque_Vulnerability_Index 10:44509828 10:44509828 10 44509828 C G 1 1 378 922 515 1815 1678 0.462259 0.537741 0.369799 0.490245 -0.0297229 0.0430729
Plaque_Vulnerability_Index 10:44511715 10:44511715 10 44511715 G A 1 1 63 608 1144 1815 734.001 0.202204 0.797796 0.109663 0.0194368 -0.125971 0.0538537
Plaque_Vulnerability_Index 10:44511734 10:44511734 10 44511734 G A 1 1 63 608 1144 1815 734.001 0.202204 0.797796 0.109663 0.0194368 -0.125971 0.0538537
Plaque_Vulnerability_Index 10:44511785 10:44511785 10 44511785 C A 1 1 63 608 1144 1815 734.001 0.202204 0.797796 0.109663 0.0194368 -0.125971 0.0538537
Plaque_Vulnerability_Index 10:44511815 10:44511815 10 44511815 G C 1 1 382 922 511 1815 1686 0.464463 0.535537 0.395667 0.504179 -0.0287556 0.0430433
Plaque_Vulnerability_Index 10:44511905 10:44511905 10 44511905 A C 1 1 63 608 1144 1815 734.001 0.202204 0.797796 0.109663 0.0194368 -0.125971 0.0538537
Plaque_Vulnerability_Index 10:44512570 10:44512570 10 44512570 G A 1 1 396 916 503 1815 1708 0.470523 0.529477 0.604425 0.453337 -0.0321231 0.0428294
Plaque_Vulnerability_Index 10:44513143 10:44513143 10 44513143 G T 1 1 68 620 1127 1815 755.998 0.208264 0.791736 0.135249 0.0157429 -0.128574 0.0531934
Plaque_Vulnerability_Index 10:44513368 10:44513368 10 44513368 A C 1 1 68 620 1127 1815 755.998 0.208264 0.791736 0.135249 0.0157429 -0.128574 0.0531934
Plaque_Vulnerability_Index 10:44513936 10:44513936 10 44513936 A G 1 1 368 917 530 1815 1653 0.455372 0.544628 0.449041 0.413908 -0.0351659 0.0430309
Plaque_Vulnerability_Index 10:44514106 10:44514106 10 44514106 G A 1 1 68 620 1127 1815 755.998 0.208264 0.791736 0.135249 0.0157429 -0.128574 0.0531934
Plaque_Vulnerability_Index 10:44514285 10:44514285 10 44514285 G A 1 1 68 620 1127 1815 755.998 0.208264 0.791736 0.135249 0.0157429 -0.128574 0.0531934
Plaque_Vulnerability_Index 10:44514336 10:44514336 10 44514336 C T 1 1 68 620 1127 1815 755.998 0.208264 0.791736 0.135249 0.0157429 -0.128574 0.0531934
Plaque_Vulnerability_Index 10:44514421 10:44514421 10 44514421 G A 1 1 68 620 1127 1815 755.998 0.208264 0.791736 0.135249 0.0157429 -0.128574 0.0531934
Plaque_Vulnerability_Index 10:44515716 10:44515716 10 44515716 G A 1 1 368 914 533 1815 1650 0.454545 0.545455 0.538292 0.411417 -0.0353014 0.0429669
Plaque_Vulnerability_Index 10:44516377 10:44516377 10 44516377 A G 1 1 68 620 1127 1815 755.998 0.208264 0.791736 0.135249 0.0157429 -0.128574 0.0531934
Plaque_Vulnerability_Index 10:44516421 10:44516421 10 44516421 G A 1 1 397 915 503 1815 1709 0.470799 0.529201 0.637725 0.4307 -0.0337329 0.042799
Plaque_Vulnerability_Index 10:44516604 10:44516604 10 44516604 C T 1 1 369 916 530 1815 1654 0.455647 0.544353 0.477985 0.392398 -0.0367848 0.042999
Plaque_Vulnerability_Index 10:44516610 10:44516610 10 44516610 C T 1 1 68 620 1127 1815 755.998 0.208264 0.791736 0.135249 0.0157429 -0.128574 0.0531934
Plaque_Vulnerability_Index 10:44517790 10:44517790 10 44517790 G A 1 1 68 620 1127 1815 755.998 0.208264 0.791736 0.135249 0.0157429 -0.128574 0.0531934
Plaque_Vulnerability_Index 10:44518652 10:44518652 10 44518652 G A 1 1 68 620 1127 1815 755.998 0.208264 0.791736 0.135249 0.0157429 -0.128574 0.0531934
Plaque_Vulnerability_Index 10:44518696 10:44518696 10 44518696 G A 1 1 68 620 1127 1815 755.998 0.208264 0.791736 0.135249 0.0157429 -0.128574 0.0531934
Plaque_Vulnerability_Index 10:44518915 10:44518915 10 44518915 C A 1 1 368 917 530 1815 1653 0.455372 0.544628 0.449041 0.413908 -0.0351659 0.0430309
Plaque_Vulnerability_Index 10:44523504 10:44523504 10 44523504 T C 1 1 396 916 503 1815 1708 0.470523 0.529477 0.604425 0.453337 -0.0321231 0.0428294
Plaque_Vulnerability_Index 10:44527132 10:44527132 10 44527132 C T 1 1 68 620 1127 1815 755.998 0.208264 0.791736 0.135249 0.0157429 -0.128574 0.0531934
Plaque_Vulnerability_Index 10:44527590 10:44527590 10 44527590 C T 1 1 396 916 503 1815 1708 0.470523 0.529477 0.604425 0.453337 -0.0321231 0.0428294
Plaque_Vulnerability_Index 10:44529320 10:44529320 10 44529320 A G 1 1 368 917 530 1815 1653 0.455372 0.544628 0.449041 0.413908 -0.0351659 0.0430309
Plaque_Vulnerability_Index 10:44535508 10:44535508 10 44535508 A G 1 1 203 816 796 1815 1222 0.336639 0.663361 0.792951 0.162077 -0.0630369 0.0450684
Plaque_Vulnerability_Index 10:44535833 10:44535833 10 44535833 G C 1 1 368 916 531 1815 1652 0.455096 0.544904 0.477805 0.418026 -0.0348382 0.0430082
Plaque_Vulnerability_Index 10:44537423 10:44537423 10 44537423 G C 1 1 69 622 1124 1815 759.999 0.209366 0.790634 0.155837 0.0121118 -0.133247 0.0530566
Plaque_Vulnerability_Index 10:44537706 10:44537706 10 44537706 A G 1 1 69 619 1127 1815 757 0.20854 0.79146 0.176514 0.0161932 -0.127767 0.0530861
Plaque_Vulnerability_Index 10:44538672 10:44538672 10 44538672 A G 1 1 69 619 1127 1815 757 0.20854 0.79146 0.176514 0.0161932 -0.127767 0.0530861
Plaque_Vulnerability_Index 10:44538921 10:44538921 10 44538921 C T 1 1 397 915 503 1815 1709 0.470799 0.529201 0.637725 0.443718 -0.0327827 0.0427918
Plaque_Vulnerability_Index 10:44539016 10:44539016 10 44539016 G A 1 1 368 916 531 1815 1652 0.455096 0.544904 0.477805 0.435638 -0.0335356 0.0430079
Plaque_Vulnerability_Index 10:44539913 10:44539913 10 44539913 T G 1 1 394 915 506 1815 1703 0.469146 0.530854 0.637463 0.39881 -0.0361295 0.0428102
Plaque_Vulnerability_Index 10:63818424 10:63818424 10 63818424 T G 1 1 326 836 653 1815 1488 0.409917 0.590083 0.0416226 0.547759 -0.0253265 0.0421241
Plaque_Vulnerability_Index 10:63818425 10:63818425 10 63818425 T A 1 1 326 834 655 1815 1486 0.409366 0.590634 0.0368027 0.730039 -0.0145261 0.0420892
Plaque_Vulnerability_Index 10:63828879 10:63828879 10 63828879 T A 1 1 641 849 325 1815 1499 0.412948 0.412948 0.133582 0.763497 -0.0127411 0.042338
Plaque_Vulnerability_Index 10:63830286 10:63830286 10 63830286 T C 1 1 643 856 316 1815 1488 0.409917 0.409917 0.285966 0.8976 -0.00548315 0.0426002
Plaque_Vulnerability_Index 10:63830984 10:63830984 10 63830984 G A 1 1 641 857 317 1815 1491 0.410744 0.410744 0.308472 0.966588 0.00178459 0.0425975
Plaque_Vulnerability_Index 10:63831501 10:63831501 10 63831501 T G 1 1 640 858 317 1815 1492 0.411019 0.411019 0.3091 0.991133 -0.000473637 0.0426114
Plaque_Vulnerability_Index 10:63831928 10:63831928 10 63831928 G A 1 1 639 858 318 1815 1494 0.41157 0.41157 0.308973 0.920693 -0.00424161 0.0425974
Plaque_Vulnerability_Index 10:63832898 10:63832898 10 63832898 G A 1 1 642 856 317 1815 1490 0.410468 0.410468 0.285953 0.919359 -0.00431146 0.0425799
Plaque_Vulnerability_Index 10:63834048 10:63834048 10 63834048 C T 1 1 641 857 317 1815 1491 0.410744 0.410744 0.308472 0.950181 -0.00266183 0.0425972
Plaque_Vulnerability_Index 10:63835015 10:63835015 10 63835015 C A 1 1 641 857 317 1815 1491 0.410744 0.410744 0.308472 0.950181 -0.00266183 0.0425972
Plaque_Vulnerability_Index 10:63835193 10:63835193 10 63835193 G A 1 1 641 857 317 1815 1491 0.410744 0.410744 0.308472 0.950181 -0.00266183 0.0425972
Plaque_Vulnerability_Index 10:63835692 10:63835692 10 63835692 A G 1 1 641 857 317 1815 1491 0.410744 0.410744 0.308472 0.950181 -0.00266183 0.0425972
Plaque_Vulnerability_Index 10:63836088 10:63836088 10 63836088 C T 1 1 641 857 317 1815 1491 0.410744 0.410744 0.308472 0.950181 -0.00266183 0.0425972
Plaque_Vulnerability_Index 10:63837006 10:63837006 10 63837006 G A 1 1 633 855 327 1815 1509 0.415702 0.415702 0.208928 0.940157 -0.0031832 0.0423954
Plaque_Vulnerability_Index 10:63837016 10:63837016 10 63837016 C T 1 1 633 855 327 1815 1509 0.415702 0.415702 0.208928 0.940157 -0.0031832 0.0423954
Plaque_Vulnerability_Index 10:63837255 10:63837255 10 63837255 G A 1 1 633 855 327 1815 1509 0.415702 0.415702 0.208928 0.940157 -0.0031832 0.0423954
Plaque_Vulnerability_Index 10:63839417 10:63839417 10 63839417 T C 1 1 621 856 338 1815 1532 0.422039 0.422039 0.162876 0.829917 -0.00907746 0.0422523
Plaque_Vulnerability_Index 10:63840687 10:63840687 10 63840687 T G 1 1 632 857 326 1815 1509 0.415702 0.415702 0.246111 0.792996 -0.0111436 0.0424582
Plaque_Vulnerability_Index 10:75892904 10:75892904 10 75892904 A G 1 1 159 713 943 1815 1031 0.284022 0.715978 0.149095 0.295911 -0.0484233 0.0463139
Plaque_Vulnerability_Index 10:75900462 10:75900462 10 75900462 C A 1 1 159 712 944 1815 1030 0.283747 0.716253 0.14864 0.27271 -0.0508108 0.0463104
Plaque_Vulnerability_Index 10:75917431 10:75917431 10 75917431 A G 1 1 151 706 958 1815 1008 0.277686 0.722314 0.1981 0.285717 -0.0498921 0.0467207
Plaque_Vulnerability_Index 10:75924605 10:75924605 10 75924605 G C 1 1 156 707 952 1815 1019 0.280716 0.719284 0.13095 0.260207 -0.0523043 0.0464409
Plaque_Vulnerability_Index 10:75936611 10:75936611 10 75936611 C T 1 1 152 705 958 1815 1009 0.277961 0.722039 0.178466 0.264389 -0.0520942 0.0466616
Plaque_Vulnerability_Index 10:75939921 10:75939921 10 75939921 C T 1 1 156 710 949 1815 1022 0.281543 0.718457 0.163735 0.204159 -0.0589976 0.0464457
Plaque_Vulnerability_Index 12:4486618 12:4486618 12 4486618 A G 1 1 35 460 1320 1815 530.002 0.146006 0.853994 0.571849 0.274719 0.0661857 0.0605768
Plaque_Vulnerability_Index 13:111049623 13:111049623 13 111049623 T C 1 1 936 730 149 1815 1028 0.283196 0.283196 0.685909 0.780181 -0.0130791 0.0468575
Plaque_Vulnerability_Index 15:79114453 15:79114453 15 79114453 C T 1 1 292 905 618 1815 1489 0.410193 0.589807 0.207249 0.598985 -0.0231275 0.0439726
Plaque_Vulnerability_Index 15:79121776 15:79121776 15 79121776 C T 1 1 296 905 614 1815 1497 0.412397 0.587603 0.226329 0.707192 -0.0164908 0.0438948
Plaque_Vulnerability_Index 15:79123054 15:79123054 15 79123054 C T 1 1 299 902 614 1815 1500 0.413223 0.586777 0.309434 0.550809 -0.0261246 0.0437847
Plaque_Vulnerability_Index 15:79123338 15:79123338 15 79123338 C G 1 1 294 903 618 1815 1491 0.410744 0.589256 0.244825 0.611024 -0.0223316 0.0438993
Plaque_Vulnerability_Index 15:79123396 15:79123396 15 79123396 C G 1 1 295 908 612 1815 1498 0.412672 0.587328 0.190991 0.70805 -0.0164589 0.0439448
Plaque_Vulnerability_Index 15:79123505 15:79123505 15 79123505 G A 1 1 294 903 618 1815 1491 0.410744 0.589256 0.244825 0.611024 -0.0223316 0.0438993
Plaque_Vulnerability_Index 15:79123509 15:79123509 15 79123509 T G 1 1 294 903 618 1815 1491 0.410744 0.589256 0.244825 0.611024 -0.0223316 0.0438993
Plaque_Vulnerability_Index 15:79123631 15:79123631 15 79123631 T C 1 1 294 903 618 1815 1491 0.410744 0.589256 0.244825 0.611024 -0.0223316 0.0438993
Plaque_Vulnerability_Index 15:79123753 15:79123753 15 79123753 T C 1 1 294 903 618 1815 1491 0.410744 0.589256 0.244825 0.611024 -0.0223316 0.0438993
Plaque_Vulnerability_Index 15:79123779 15:79123779 15 79123779 C T 1 1 294 903 618 1815 1491 0.410744 0.589256 0.244825 0.611024 -0.0223316 0.0438993
Plaque_Vulnerability_Index 15:79123946 15:79123946 15 79123946 G T 1 1 294 911 610 1815 1499 0.412948 0.587052 0.146334 0.724465 -0.0155179 0.044016
Plaque_Vulnerability_Index 19:45412079 19:45412079 19 45412079 C T 1 1 1598 206 11 1815 228 0.0628099 0.0628099 0.156983 0.380216 0.0753846 0.0858875
Plaque_Vulnerability_Index 6:12903957 6:12903957 06 12903957 A G 1 1 739 830 246 1815 1322 0.364187 0.364187 0.612226 0.832215 0.00928171 0.0438039
Plaque_Vulnerability_Index 6:132089007 6:132089007 06 132089007 C T 1 1 1135 591 89 1815 769.001 0.211846 0.211846 0.291738 0.245036 0.0596314 0.0512795
Plaque_Vulnerability_Index 6:132093691 6:132093691 06 132093691 C A 1 1 1136 589 90 1815 769.001 0.211846 0.211846 0.232136 0.23175 0.0612483 0.0511996
Plaque_Vulnerability_Index 6:132095002 6:132095002 06 132095002 C T 1 1 1134 592 89 1815 769.999 0.212121 0.212121 0.292949 0.240897 0.0601434 0.0512673
Plaque_Vulnerability_Index 7:45960645 7:45960645 07 45960645 G C 1 1 687 847 281 1815 1409 0.388154 0.388154 0.458685 0.384471 -0.0375979 0.043221
Plaque_Vulnerability_Index 7:45963114 7:45963114 07 45963114 C T 1 1 596 864 355 1815 1574 0.433609 0.433609 0.196906 0.335516 -0.0406463 0.0421939
Plaque_Vulnerability_Index 7:45970037 7:45970037 07 45970037 G A 1 1 596 863 356 1815 1575 0.433884 0.433884 0.180866 0.299549 -0.0437631 0.0421732
Plaque_Vulnerability_Index 7:45972977 7:45972977 07 45972977 A G 1 1 596 863 356 1815 1575 0.433884 0.433884 0.180866 0.339131 -0.0403254 0.0421753
Plaque_Vulnerability_Index 7:45974375 7:45974375 07 45974375 T C 1 1 595 864 356 1815 1576 0.43416 0.43416 0.181405 0.33155 -0.0409783 0.042191
Plaque_Vulnerability_Index 7:45977352 7:45977352 07 45977352 G A 1 1 592 865 358 1815 1581 0.435537 0.435537 0.197391 0.362651 -0.0384038 0.0421762
Plaque_Vulnerability_Index 7:45978059 7:45978059 07 45978059 T C 1 1 592 865 358 1815 1581 0.435537 0.435537 0.197391 0.362651 -0.0384038 0.0421762
Plaque_Vulnerability_Index 7:45978060 7:45978060 07 45978060 G A 1 1 592 865 358 1815 1581 0.435537 0.435537 0.197391 0.362651 -0.0384038 0.0421762
Plaque_Vulnerability_Index 7:45980751 7:45980751 07 45980751 G T 1 1 601 864 350 1815 1564 0.430854 0.430854 0.21347 0.32729 -0.0414154 0.0422669
Plaque_Vulnerability_Index 9:22103341 9:22103341 09 22103341 T G 1 1 441 932 442 1815 1814 0.499725 0.500275 0.260099 0.686182 -0.0173731 0.0429914
Plaque_Vulnerability_Index 9:22124504 9:22124504 09 22124504 A T 1 1 447 937 431 1815 1799 0.495592 0.495592 0.173493 0.845509 -0.00839953 0.0431011
Plaque_Vulnerability_Index 9:22124744 9:22124744 09 22124744 C G 1 1 448 936 431 1815 1798 0.495317 0.495317 0.188794 0.836715 -0.0088794 0.0430773
